10 (712)
1004 (1102)
101 (2237)
103 (812)
1043 (551)
10446 (618)
105 (657)
10515 (882)
1067 (584)
107 (765)
11 (711)
110 (2794)
1135 (667)
1144 (599)
1146 (1426)
117 (1026)
1198 (660)
123 (1302)
1239 (569)
12925 (1467)
12929 (742)
12946 (535)
13041 (1051)
1327 (1786)
1344 (753)
1355 (512)
1393 (1161)
14098 (1291)
1417 (536)
1435 (765)
147 (1778)
150 (597)
155 (546)
156 (830)
15618 (614)
1578 (874)
15832 (1143)
1600 (801)
16010 (1316)
16011 (669)
161 (1009)
16217 (1166)
1693 (524)
170 (3099)
1714 (507)
1715 (590)
175 (970)
1783 (600)
179 (998)
18 (860)
1814 (688)
185 (1376)
186 (660)
1872 (572)
19 (1005)
1986 (614)
2 (549)
201 (1133)
2046 (625)
208 (529)
209 (611)
2118 (525)
2199 (597)
2238 (1715)
225 (3257)
2284 (508)
229 (820)
23 (758)
237 (3032)
2383 (569)
242 (911)
2437 (571)
249 (1160)
251 (621)
255 (1474)
258 (987)
259 (684)
260 (691)
261 (523)
264 (895)
267 (584)
269 (701)
270 (1734)
271 (2094)
272 (650)
279 (633)
286 (1183)
2958 (904)
297 (525)
30 (540)
301 (1204)
31 (920)
310 (2594)
32 (15167)
3270 (950)
334 (774)
338 (1274)
340 (643)
36 (2936)
3616 (654)
37 (1074)
371 (782)
374 (584)
379 (677)
38 (15596)
389 (830)
39 (50675)
396 (674)
398 (515)
405 (879)
407 (693)
41 (14945)
413 (1880)
420 (600)
425 (606)
426 (508)
4336 (589)
438 (1863)
441 (609)
449 (690)
45 (911)
464 (695)
475 (2167)
479 (926)
48 (42135)
488 (720)
4883 (521)
49 (1120)
52 (501)
522 (974)
53 (509)
533 (1487)
535 (718)
544 (850)
548 (1137)
549 (843)
55 (704)
56 (535)
570 (792)
571 (513)
581 (574)
589 (1119)
592 (1227)
60 (1488)
604 (1209)
62 (543)
623 (525)
649 (857)
65 (4472)
664 (752)
675 (601)
677 (1110)
681 (704)
703 (806)
704 (526)
740 (1181)
76 (869)
766 (796)
772 (752)
78 (1060)
783 (965)
789 (648)
79 (1599)
790 (523)
798 (503)
806 (741)
809 (626)
812 (821)
824 (1210)
846 (595)
855 (519)
865 (632)
878 (570)
885 (576)
89 (3837)
8978 (606)
9 (1372)
910 (519)
913 (543)
916 (543)
94 (516)
947 (591)
956 (911)
961 (540)
976 (816)
1004 39 (583)
1004 48 (614)
101 39 (1400)
48 101 (1311)
103 39 (512)
38 105 (643)
39 10515 (528)
48 10515 (524)
38 110 (2725)
110 39 (1759)
41 110 (677)
48 110 (1380)
48 1135 (541)
1146 39 (983)
41 1146 (501)
48 1146 (811)
117 39 (554)
48 117 (601)
123 39 (725)
48 123 (796)
39 12925 (938)
48 12925 (816)
13041 39 (688)
48 13041 (602)
1327 39 (1156)
48 1327 (968)
1393 39 (789)
48 1393 (669)
39 14098 (801)
48 14098 (698)
147 39 (1137)
48 147 (1036)
39 156 (582)
1578 39 (576)
15832 39 (718)
48 15832 (585)
16010 16011 (651)
16010 39 (829)
48 16010 (730)
161 39 (622)
48 161 (517)
16217 39 (728)
48 16217 (647)
170 32 (540)
38 170 (3031)
170 39 (2059)
41 170 (805)
48 170 (1556)
175 39 (631)
179 39 (653)
48 179 (624)
18 39 (540)
185 39 (828)
185 48 (816)
19 39 (592)
19 48 (591)
201 39 (669)
48 201 (674)
2238 39 (1287)
2238 41 (570)
2238 48 (955)
225 32 (655)
38 225 (681)
225 39 (2351)
41 225 (877)
48 225 (1735)
229 39 (503)
229 48 (545)
39 23 (512)
237 32 (568)
237 38 (683)
237 39 (1929)
237 41 (597)
237 48 (1682)
39 242 (564)
249 39 (752)
48 249 (675)
255 39 (1057)
255 48 (1057)
258 39 (628)
48 258 (643)
264 39 (599)
264 48 (534)
270 271 (680)
270 39 (1194)
270 41 (508)
48 270 (957)
39 271 (1434)
41 271 (584)
48 271 (1090)
38 286 (1116)
39 286 (750)
48 286 (591)
39 2958 (655)
48 2958 (779)
39 301 (715)
48 301 (658)
39 31 (538)
32 310 (541)
39 310 (1852)
41 310 (719)
48 310 (1692)
38 32 (2833)
39 32 (8455)
41 32 (3196)
48 32 (8034)
65 32 (774)
89 32 (713)
3270 39 (576)
48 3270 (592)
39 334 (506)
338 39 (742)
48 338 (779)
38 36 (2790)
36 39 (2037)
41 36 (700)
48 36 (1416)
37 38 (1046)
37 39 (707)
37 48 (565)
38 371 (767)
371 39 (532)
38 39 (10345)
38 41 (3897)
38 48 (7943)
38 55 (657)
38 56 (514)
38 65 (643)
38 790 (508)
38 89 (764)
389 39 (544)
405 39 (500)
41 39 (11414)
413 39 (1130)
438 39 (1260)
45 39 (559)
475 39 (1500)
479 39 (580)
48 39 (29142)
49 39 (768)
522 39 (648)
533 39 (921)
544 39 (524)
548 39 (663)
570 39 (558)
589 39 (708)
592 39 (722)
39 60 (983)
39 604 (775)
649 39 (531)
65 39 (2786)
677 39 (635)
39 740 (759)
76 39 (529)
78 39 (774)
783 39 (640)
79 39 (1111)
824 39 (703)
89 39 (2749)
9 39 (832)
39 956 (600)
48 405 (525)
41 475 (570)
48 41 (9018)
41 65 (995)
41 89 (732)
413 48 (1135)
48 438 (1025)
48 475 (1428)
48 479 (513)
48 49 (843)
48 522 (582)
48 533 (861)
48 544 (504)
48 548 (658)
48 549 (513)
48 570 (514)
48 589 (628)
48 592 (742)
48 60 (815)
48 604 (687)
48 65 (2529)
48 677 (666)
48 740 (520)
48 78 (824)
48 783 (583)
48 79 (893)
48 824 (701)
48 89 (2798)
48 9 (790)
48 956 (540)
48 101 39 (946)
38 110 39 (1740)
38 41 110 (666)
38 48 110 (1361)
41 110 39 (515)
48 110 39 (1037)
48 1146 39 (623)
48 123 39 (509)
48 39 12925 (588)
48 1327 39 (720)
48 1393 39 (507)
39 48 14098 (540)
48 147 39 (742)
48 16010 39 (529)
38 170 32 (532)
38 170 39 (2019)
38 41 170 (794)
38 48 170 (1538)
41 170 39 (624)
48 170 39 (1206)
185 48 39 (555)
2238 48 39 (788)
38 225 39 (535)
41 225 39 (725)
48 225 39 (1400)
48 41 225 (537)
237 38 39 (512)
237 48 39 (1244)
48 249 39 (510)
255 48 39 (813)
48 270 39 (733)
39 48 271 (827)
38 39 286 (728)
38 48 286 (581)
48 39 2958 (570)
41 39 310 (625)
48 39 310 (1347)
48 41 310 (547)
38 39 32 (1840)
38 41 32 (805)
38 48 32 (1646)
39 41 32 (2359)
39 48 32 (5402)
39 65 32 (512)
39 89 32 (532)
48 41 32 (2063)
48 89 32 (573)
48 338 39 (516)
38 36 39 (1945)
38 41 36 (671)
38 48 36 (1360)
41 36 39 (572)
48 36 39 (1116)
37 38 39 (684)
37 38 48 (557)
38 371 39 (526)
38 41 39 (3051)
38 48 39 (6102)
38 89 39 (589)
38 41 48 (2374)
38 48 89 (578)
48 41 39 (7366)
41 65 39 (792)
41 89 39 (619)
413 48 39 (781)
48 438 39 (779)
48 475 39 (1092)
48 49 39 (617)
48 533 39 (632)
48 592 39 (515)
48 39 60 (609)
48 39 604 (520)
48 65 39 (1797)
48 78 39 (610)
48 79 39 (699)
48 89 39 (2125)
48 9 39 (546)
48 41 65 (663)
48 41 89 (606)
38 41 110 39 (511)
38 48 110 39 (1031)
38 41 170 39 (615)
38 48 170 39 (1193)
38 41 39 32 (622)
38 48 39 32 (1236)
38 41 48 32 (540)
39 41 48 32 (1646)
38 41 36 39 (553)
38 48 36 39 (1080)
38 41 48 39 (1991)
48 41 65 39 (547)
48 41 89 39 (522)