101 (2237)
110 (2794)
170 (3099)
225 (3257)
237 (3032)
271 (2094)
310 (2594)
32 (15167)
36 (2936)
38 (15596)
39 (50675)
41 (14945)
413 (1880)
438 (1863)
475 (2167)
48 (42135)
65 (4472)
89 (3837)
110 38 (2725)
38 170 (3031)
170 39 (2059)
225 39 (2351)
237 39 (1929)
310 39 (1852)
32 38 (2833)
32 39 (8455)
32 41 (3196)
32 48 (8034)
36 38 (2790)
36 39 (2037)
38 39 (10345)
41 38 (3897)
38 48 (7943)
41 39 (11414)
39 48 (29142)
65 39 (2786)
89 39 (2749)
41 48 (9018)
65 48 (2529)
89 48 (2798)
38 170 39 (2019)
32 38 39 (1840)
32 41 39 (2359)
32 39 48 (5402)
32 41 48 (2063)
36 38 39 (1945)
41 38 39 (3051)
38 39 48 (6102)
41 38 48 (2374)
41 39 48 (7366)
89 39 48 (2125)
41 38 39 48 (1991)