9 (1372)
32 (15167)
36 (2936)
38 (15596)
39 (50675)
41 (14945)
48 (42135)
60 (1489)
65 (4472)
79 (1600)
89 (3837)
101 (2237)
110 (2794)
123 (1302)
147 (1779)
170 (3099)
185 (1376)
225 (3257)
237 (3032)
255 (1474)
270 (1734)
271 (2094)
301 (1204)
310 (2594)
338 (1274)
413 (1880)
438 (1863)
475 (2167)
533 (1487)
592 (1227)
604 (1209)
824 (1210)
1146 (1426)
1327 (1786)
2238 (1715)
12925 (1467)
14098 (1291)
16010 (1316)
32 38 (2833)
32 39 (8455)
32 41 (3196)
32 48 (8034)
36 38 (2790)
36 39 (2037)
36 48 (1416)
38 39 (10345)
38 41 (3897)
38 48 (7944)
110 38 (2725)
170 38 (3031)
39 41 (11414)
39 48 (29142)
39 65 (2787)
39 89 (2749)
101 39 (1400)
110 39 (1759)
170 39 (2059)
225 39 (2351)
237 39 (1929)
271 39 (1434)
310 39 (1852)
39 438 (1260)
39 475 (1500)
2238 39 (1287)
41 48 (9018)
48 65 (2529)
48 89 (2798)
101 48 (1311)
110 48 (1380)
170 48 (1557)
225 48 (1736)
237 48 (1682)
310 48 (1692)
475 48 (1428)
32 38 39 (1840)
32 38 48 (1646)
32 39 41 (2359)
32 39 48 (5402)
32 41 48 (2063)
36 38 39 (1945)
36 38 48 (1360)
38 39 41 (3051)
38 39 48 (6102)
110 38 39 (1740)
170 38 39 (2019)
38 41 48 (2374)
110 38 48 (1361)
170 38 48 (1538)
39 41 48 (7366)
39 48 65 (1797)
39 48 89 (2125)
170 39 48 (1206)
225 39 48 (1400)
237 39 48 (1244)
310 39 48 (1347)
32 38 39 48 (1236)
32 39 41 48 (1646)
38 39 41 48 (1991)