2 (549)
9 (1372)
10 (712)
11 (711)
18 (860)
19 (1005)
23 (758)
30 (540)
31 (920)
32 (15167)
36 (2936)
37 (1074)
38 (15596)
39 (50675)
41 (14945)
45 (911)
48 (42135)
49 (1120)
52 (501)
53 (509)
55 (704)
56 (535)
60 (1489)
62 (543)
65 (4472)
76 (869)
78 (1060)
79 (1600)
89 (3837)
94 (516)
101 (2237)
103 (812)
105 (657)
107 (765)
110 (2794)
117 (1026)
123 (1302)
147 (1779)
150 (597)
155 (546)
156 (830)
161 (1010)
170 (3099)
175 (970)
179 (998)
185 (1376)
186 (660)
201 (1133)
208 (529)
209 (611)
225 (3257)
229 (820)
237 (3032)
242 (911)
249 (1160)
251 (621)
255 (1474)
258 (987)
259 (684)
260 (691)
261 (523)
264 (895)
267 (584)
269 (701)
270 (1734)
271 (2094)
272 (650)
279 (633)
286 (1183)
297 (525)
301 (1204)
310 (2594)
334 (774)
338 (1274)
340 (643)
371 (782)
374 (584)
379 (677)
389 (831)
396 (674)
398 (515)
405 (879)
407 (693)
413 (1880)
420 (600)
425 (606)
426 (508)
438 (1863)
441 (609)
449 (690)
464 (695)
475 (2167)
479 (926)
488 (720)
522 (974)
533 (1487)
535 (718)
544 (851)
548 (1137)
549 (843)
570 (792)
571 (513)
581 (574)
589 (1119)
592 (1227)
604 (1209)
623 (525)
649 (857)
664 (752)
675 (601)
677 (1110)
681 (704)
703 (806)
704 (526)
740 (1181)
766 (797)
772 (752)
783 (965)
789 (648)
790 (523)
798 (503)
806 (741)
809 (626)
812 (821)
824 (1210)
846 (595)
855 (519)
865 (632)
878 (570)
885 (576)
910 (519)
913 (543)
916 (543)
947 (591)
956 (911)
961 (540)
976 (817)
1004 (1102)
1043 (551)
1067 (584)
1135 (667)
1144 (599)
1146 (1426)
1198 (660)
1239 (569)
1327 (1786)
1344 (753)
1355 (512)
1393 (1161)
1417 (536)
1435 (765)
1578 (874)
1600 (801)
1693 (524)
1714 (507)
1715 (590)
1783 (600)
1814 (688)
1872 (572)
1986 (614)
2046 (625)
2118 (525)
2199 (597)
2238 (1715)
2284 (508)
2383 (569)
2437 (571)
2958 (904)
3270 (950)
3616 (654)
4336 (589)
4883 (521)
8978 (606)
10446 (618)
10515 (882)
12925 (1467)
12929 (742)
12946 (535)
13041 (1051)
14098 (1291)
15618 (614)
15832 (1143)
16010 (1316)
16011 (669)
16217 (1166)
39 9 (832)
48 9 (790)
18 39 (540)
19 39 (592)
19 48 (591)
23 39 (512)
31 39 (538)
32 38 (2833)
32 39 (8455)
32 41 (3196)
32 48 (8034)
32 65 (774)
32 89 (713)
170 32 (540)
225 32 (655)
237 32 (568)
310 32 (541)
36 38 (2790)
36 39 (2037)
36 41 (700)
36 48 (1416)
37 38 (1046)
37 39 (707)
37 48 (565)
38 39 (10345)
38 41 (3897)
38 48 (7944)
38 55 (657)
38 56 (514)
38 65 (643)
38 89 (764)
105 38 (643)
110 38 (2725)
170 38 (3031)
225 38 (681)
237 38 (683)
286 38 (1116)
371 38 (767)
38 790 (508)
39 41 (11414)
39 45 (559)
39 48 (29142)
39 49 (768)
39 60 (983)
39 65 (2787)
39 76 (529)
39 78 (774)
39 79 (1111)
39 89 (2749)
101 39 (1400)
103 39 (512)
110 39 (1759)
117 39 (554)
123 39 (726)
147 39 (1137)
156 39 (582)
161 39 (622)
170 39 (2059)
175 39 (631)
179 39 (653)
185 39 (828)
201 39 (669)
225 39 (2351)
229 39 (503)
237 39 (1929)
242 39 (564)
249 39 (752)
255 39 (1057)
258 39 (628)
264 39 (599)
270 39 (1194)
271 39 (1434)
286 39 (750)
301 39 (715)
310 39 (1852)
334 39 (506)
338 39 (742)
371 39 (532)
389 39 (544)
39 405 (500)
39 413 (1130)
39 438 (1260)
39 475 (1500)
39 479 (580)
39 522 (648)
39 533 (922)
39 544 (524)
39 548 (663)
39 570 (558)
39 589 (708)
39 592 (723)
39 604 (775)
39 649 (531)
39 677 (635)
39 740 (759)
39 783 (640)
39 824 (703)
39 956 (600)
1004 39 (583)
1146 39 (983)
1327 39 (1156)
1393 39 (789)
1578 39 (576)
2238 39 (1287)
2958 39 (655)
3270 39 (576)
10515 39 (528)
12925 39 (938)
13041 39 (688)
14098 39 (801)
15832 39 (718)
16010 39 (829)
16217 39 (728)
41 48 (9018)
41 65 (995)
41 89 (732)
110 41 (677)
170 41 (805)
225 41 (877)
237 41 (597)
270 41 (508)
271 41 (584)
310 41 (719)
41 475 (570)
1146 41 (501)
2238 41 (570)
48 49 (843)
48 60 (815)
48 65 (2529)
48 78 (824)
48 79 (893)
48 89 (2798)
101 48 (1311)
110 48 (1380)
117 48 (601)
123 48 (797)
147 48 (1036)
161 48 (517)
170 48 (1557)
179 48 (624)
185 48 (816)
201 48 (674)
225 48 (1736)
229 48 (545)
237 48 (1682)
249 48 (675)
255 48 (1057)
258 48 (643)
264 48 (534)
270 48 (957)
271 48 (1090)
286 48 (591)
301 48 (658)
310 48 (1692)
338 48 (779)
405 48 (525)
413 48 (1135)
438 48 (1025)
475 48 (1428)
479 48 (513)
48 522 (582)
48 533 (861)
48 544 (504)
48 548 (658)
48 549 (513)
48 570 (514)
48 589 (628)
48 592 (743)
48 604 (687)
48 677 (666)
48 740 (520)
48 783 (583)
48 824 (701)
48 956 (540)
1004 48 (614)
1135 48 (541)
1146 48 (811)
1327 48 (968)
1393 48 (669)
2238 48 (955)
2958 48 (779)
3270 48 (592)
10515 48 (524)
12925 48 (817)
13041 48 (602)
14098 48 (698)
15832 48 (585)
16010 48 (730)
16217 48 (647)
270 271 (680)
16010 16011 (651)
39 48 9 (546)
32 38 39 (1840)
32 38 41 (805)
32 38 48 (1646)
170 32 38 (532)
32 39 41 (2359)
32 39 48 (5402)
32 39 65 (512)
32 39 89 (532)
32 41 48 (2063)
32 48 89 (573)
36 38 39 (1945)
36 38 41 (671)
36 38 48 (1360)
36 39 41 (572)
36 39 48 (1116)
37 38 39 (684)
37 38 48 (557)
38 39 41 (3051)
38 39 48 (6102)
38 39 89 (589)
110 38 39 (1740)
170 38 39 (2019)
225 38 39 (535)
237 38 39 (512)
286 38 39 (728)
371 38 39 (526)
38 41 48 (2374)
110 38 41 (666)
170 38 41 (794)
38 48 89 (578)
110 38 48 (1361)
170 38 48 (1538)
286 38 48 (581)
39 41 48 (7366)
39 41 65 (792)
39 41 89 (619)
110 39 41 (515)
170 39 41 (624)
225 39 41 (726)
310 39 41 (625)
39 48 49 (617)
39 48 60 (609)
39 48 65 (1797)
39 48 78 (610)
39 48 79 (699)
39 48 89 (2125)
101 39 48 (946)
110 39 48 (1037)
123 39 48 (509)
147 39 48 (742)
170 39 48 (1206)
185 39 48 (555)
225 39 48 (1400)
237 39 48 (1244)
249 39 48 (510)
255 39 48 (813)
270 39 48 (733)
271 39 48 (827)
310 39 48 (1347)
338 39 48 (516)
39 413 48 (781)
39 438 48 (780)
39 475 48 (1092)
39 48 533 (632)
39 48 592 (515)
39 48 604 (520)
1146 39 48 (623)
1327 39 48 (720)
1393 39 48 (507)
2238 39 48 (788)
2958 39 48 (570)
12925 39 48 (588)
14098 39 48 (540)
16010 39 48 (529)
41 48 65 (663)
41 48 89 (606)
225 41 48 (537)
310 41 48 (547)
32 38 39 41 (622)
32 38 39 48 (1236)
32 38 41 48 (540)
32 39 41 48 (1646)
36 38 39 41 (553)
36 38 39 48 (1080)
38 39 41 48 (1991)
110 38 39 41 (511)
170 38 39 41 (615)
110 38 39 48 (1031)
170 38 39 48 (1193)
39 41 48 65 (547)
39 41 48 89 (522)