101 (2237)
110 (2794)
1146 (1426)
123 (1302)
12925 (1467)
1327 (1786)
14098 (1291)
147 (1778)
16010 (1316)
170 (3099)
185 (1376)
2238 (1715)
225 (3257)
237 (3032)
255 (1474)
270 (1734)
271 (2094)
301 (1204)
310 (2594)
32 (15167)
338 (1274)
36 (2936)
38 (15596)
39 (50675)
41 (14945)
413 (1880)
438 (1863)
475 (2167)
48 (42135)
533 (1487)
592 (1227)
60 (1488)
604 (1209)
65 (4472)
79 (1599)
824 (1210)
89 (3837)
9 (1372)
39 101 (1400)
48 101 (1311)
38 110 (2725)
39 110 (1759)
48 110 (1380)
38 170 (3031)
39 170 (2059)
48 170 (1556)
2238 39 (1287)
225 39 (2351)
225 48 (1735)
39 237 (1929)
48 237 (1682)
39 271 (1434)
310 39 (1852)
310 48 (1692)
32 38 (2833)
32 39 (8455)
32 41 (3196)
32 48 (8034)
36 38 (2790)
39 36 (2037)
48 36 (1416)
39 38 (10345)
41 38 (3897)
48 38 (7943)
39 41 (11414)
438 39 (1260)
39 475 (1500)
39 48 (29142)
39 65 (2786)
39 89 (2749)
48 41 (9018)
48 475 (1428)
65 48 (2529)
89 48 (2798)
38 39 110 (1740)
38 48 110 (1361)
39 38 170 (2019)
48 38 170 (1538)
39 48 170 (1206)
225 39 48 (1400)
39 48 237 (1244)
310 39 48 (1347)
32 39 38 (1840)
32 48 38 (1646)
32 41 39 (2359)
32 48 39 (5402)
32 48 41 (2063)
39 36 38 (1945)
48 36 38 (1360)
39 41 38 (3051)
39 48 38 (6102)
48 41 38 (2374)
39 48 41 (7366)
39 48 65 (1797)
39 48 89 (2125)
32 48 39 38 (1236)
32 41 48 39 (1646)
39 48 41 38 (1991)